499
477
562
485
524
586
492
457
513
494
545
547
549
456
462
581
541
585
566
525
553
570
618
508
458
515
610
608
594
513
493
517
542
513
528
524
473
490
485
557
507
520
515
509
570
527
507
458
434
485
536
529
410
498
489
531
510
513
507
499
553
538
477
550
540
547
488
508
636
512
500
477
543
496
513
450
551
544
452
557
564
592
426
566
511
489
515
525
453
584
528
532
533
458
468
647
576
579
613
665
506
533
515
488
530
518
472
529
404
550
570
492
481
550
490
437
480
498
524
553
491
555
437
504
546
457
433
503
539
477
626
611
443
495
453
548
458
512
471
500
531
511
498
443
547
527
587
548
487
418
429
479
512
487
583
511
529
490
633
559
593
562
508
587
500
504
516
563
571
529
506
498
476
525
493
564
529
500
511
581
516
440
508
524
538
371
568
512
528
562
486
631
452
502
442
507
561
516
557
